2,1,2,7,0,4,7,8,-1,4,6,5,8,3,3,6,7
1,1,5,8,9,9,-1,9,3,9,6,0,8,2,8,8,0
3,8,0,9,9,8,1,7,6,6,1,8,0,4,1,3,2
6,-1,9,4,6,-1,4,1,8,0,4,7,9,7,3,5,0
2,9,1,5,2,2,8,4,4,8,9,3,7,3,8,6,3
2,6,3,-1,1,2,4,5,2,7,7,7,9,9,1,0,8
9,6,9,6,2,9,7,-1,-1,8,5,5,6,8,7,0,2
3,2,1,3,5,7,4,2,1,6,6,8,8,6,8,4,-1
6,0,5,8,8,6,7,9,5,4,8,6,4,0,6,7,9
3,9,2,9,7,7,8,6,5,8,5,9,-1,5,0,3,1
-1,1,5,8,7,7,8,1,7,6,2,9,8,5,0,5,2
8,2,0,8,2,1,1,7,7,8,7,4,9,5,0,8,8
5,9,7,4,4,3,2,5,9,8,1,8,9,2,5,1,8
3,5,5,1,8,6,8,0,3,8,0,4,6,3,3,2,7
5,8,0,5,1,0,2,7,6,3,2,-1,4,9,6,9,7
9,6,9,-1,6,3,1,5,6,4,0,8,4,6,2,4,0
2,8,7,9,0,-1,3,9,-1,7,5,9,9,1,9,1,1
0,0
16,16
end